{
  "nbformat": 4,
  "nbformat_minor": 0,
  "metadata": {
    "colab": {
      "name": "Assignment -1 - DS.ipynb",
      "provenance": [],
      "collapsed_sections": [],
      "toc_visible": true,
      "include_colab_link": true
    },
    "kernelspec": {
      "name": "python3",
      "display_name": "Python 3"
    }
  },
  "cells": [
    {
      "cell_type": "markdown",
      "metadata": {
        "id": "view-in-github",
        "colab_type": "text"
      },
      "source": [
        "<a href=\"https://colab.research.google.com/github/CSandyHub/SHALA2020/blob/master/Assignment_1_DS.ipynb\" target=\"_parent\"><img src=\"https://colab.research.google.com/assets/colab-badge.svg\" alt=\"Open In Colab\"/></a>"
      ]
    },
    {
      "cell_type": "markdown",
      "metadata": {
        "id": "hmr2U-GChnlR",
        "colab_type": "text"
      },
      "source": [
        "\n",
        "# **Assignment - 1 : Getting Started**\n",
        "\n",
        "---\n",
        "\n",
        "This assignment will get you familiarized with python libraries required for ***data science*** and ***machine learning***. You will have to complete the code snippets and run them. "
      ]
    },
    {
      "cell_type": "markdown",
      "metadata": {
        "id": "211pD45xEO0u",
        "colab_type": "text"
      },
      "source": [
        "## **Note :**   Use only the methods and attributes of the ```numpy``` library. **Do not** hard-code them. Avoid loops as much as possible."
      ]
    },
    {
      "cell_type": "markdown",
      "metadata": {
        "id": "O7v9C4mun3SQ",
        "colab_type": "text"
      },
      "source": [
        "---\n",
        "## Part - 1\n",
        " In this part, you will work with the library ```numpy```. \n",
        "\n",
        "\n"
      ]
    },
    {
      "cell_type": "markdown",
      "metadata": {
        "id": "846yDaXQwiMD",
        "colab_type": "text"
      },
      "source": [
        "Import ```numpy``` with an alias name ```np```. Initialize two arrays $a$, $b$ of size $3 \\times 5$ with random values and print them. "
      ]
    },
    {
      "cell_type": "code",
      "metadata": {
        "id": "_MyeCO3_o3oq",
        "colab_type": "code",
        "outputId": "4783e356-c9f0-4ef6-a4f2-4b3d26d004a2",
        "colab": {
          "base_uri": "https://localhost:8080/",
          "height": 156
        }
      },
      "source": [
        "import numpy as np\n",
        "\n",
        "a = np.random.random((3,5))\n",
        "b = np.random.random((3,5))\n",
        "\n",
        "print('Array a = \\n' , a)\n",
        "print('Array b = \\n' , b)"
      ],
      "execution_count": 0,
      "outputs": [
        {
          "output_type": "stream",
          "text": [
            "Array a = \n",
            " [[0.39529887 0.89040044 0.7490092  0.57597769 0.54965389]\n",
            " [0.21723646 0.16745187 0.35460541 0.52438191 0.47927285]\n",
            " [0.72738829 0.85303828 0.08412675 0.06884818 0.78652561]]\n",
            "Array b = \n",
            " [[0.47261602 0.81804159 0.00184452 0.78860889 0.96246451]\n",
            " [0.37673356 0.45675694 0.18242842 0.33251342 0.62785489]\n",
            " [0.54494656 0.32923646 0.35545903 0.90410715 0.23338308]]\n"
          ],
          "name": "stdout"
        }
      ]
    },
    {
      "cell_type": "markdown",
      "metadata": {
        "id": "p7jtpYT4wiO6",
        "colab_type": "text"
      },
      "source": [
        "Initialize and print two arrays $c$ and $d$ having the following properties:\n",
        "*   $c$ is a row vector with all non-negative integer values less than 100\n",
        "* $d$ is a square matrix of size 3 having all entries as 0.0"
      ]
    },
    {
      "cell_type": "markdown",
      "metadata": {
        "id": "k96ZPjyjDkfm",
        "colab_type": "text"
      },
      "source": [
        ""
      ]
    },
    {
      "cell_type": "code",
      "metadata": {
        "id": "a2lJdRf8x9f2",
        "colab_type": "code",
        "outputId": "b7951b93-a283-47c8-9476-ded585cbce53",
        "colab": {
          "base_uri": "https://localhost:8080/",
          "height": 191
        }
      },
      "source": [
        "\n",
        "c = np.array(range(0,100))\n",
        "print('Row Vector c = \\n',c)\n",
        "d = np.zeros((3,3),dtype=np.float32)\n",
        "\n",
        "print('Array d = \\n', d)\n",
        "\n"
      ],
      "execution_count": 0,
      "outputs": [
        {
          "output_type": "stream",
          "text": [
            "Row Vector c = \n",
            " [ 0  1  2  3  4  5  6  7  8  9 10 11 12 13 14 15 16 17 18 19 20 21 22 23\n",
            " 24 25 26 27 28 29 30 31 32 33 34 35 36 37 38 39 40 41 42 43 44 45 46 47\n",
            " 48 49 50 51 52 53 54 55 56 57 58 59 60 61 62 63 64 65 66 67 68 69 70 71\n",
            " 72 73 74 75 76 77 78 79 80 81 82 83 84 85 86 87 88 89 90 91 92 93 94 95\n",
            " 96 97 98 99]\n",
            "Array d = \n",
            " [[0. 0. 0.]\n",
            " [0. 0. 0.]\n",
            " [0. 0. 0.]]\n"
          ],
          "name": "stdout"
        }
      ]
    },
    {
      "cell_type": "markdown",
      "metadata": {
        "id": "qqgtSsa88Zmh",
        "colab_type": "text"
      },
      "source": [
        "We have $e$ as following : ```e = [[1,2,3],[4,5,6],[7,8,9]]```. Change $e$ as a numpy array and print it."
      ]
    },
    {
      "cell_type": "code",
      "metadata": {
        "id": "Krhm4bVE7RET",
        "colab_type": "code",
        "outputId": "99df00ca-5053-414f-ce51-14c194a75a6a",
        "colab": {
          "base_uri": "https://localhost:8080/",
          "height": 86
        }
      },
      "source": [
        "e = [[1,2,3],[4,5,6],[7,8,9]]\n",
        "\n",
        "npArray = np.array(e)\n",
        "print('NumPy Array e = \\n',npArray)\n"
      ],
      "execution_count": 0,
      "outputs": [
        {
          "output_type": "stream",
          "text": [
            "NumPy Array e = \n",
            " [[1 2 3]\n",
            " [4 5 6]\n",
            " [7 8 9]]\n"
          ],
          "name": "stdout"
        }
      ]
    },
    {
      "cell_type": "markdown",
      "metadata": {
        "id": "1qTikI0foam9",
        "colab_type": "text"
      },
      "source": [
        "$f$ and $g$ are two square matrices of size 5 such that all the entries of $f$ are 1 and $g$ is an identity matrix. Initialize them and print them"
      ]
    },
    {
      "cell_type": "code",
      "metadata": {
        "id": "DvaLckI49aBV",
        "colab_type": "code",
        "outputId": "259c21d5-cc2a-4e9f-92d1-510423867ac2",
        "colab": {
          "base_uri": "https://localhost:8080/",
          "height": 225
        }
      },
      "source": [
        "f = np.ones((5,5),dtype=int)\n",
        "print('Matrix f = \\n',f)\n",
        "g = np.identity(5,dtype=int)\n",
        "print('Identity matrix g = \\n', g)"
      ],
      "execution_count": 0,
      "outputs": [
        {
          "output_type": "stream",
          "text": [
            "Matrix f = \n",
            " [[1 1 1 1 1]\n",
            " [1 1 1 1 1]\n",
            " [1 1 1 1 1]\n",
            " [1 1 1 1 1]\n",
            " [1 1 1 1 1]]\n",
            "Identity matrix g = \n",
            " [[1 0 0 0 0]\n",
            " [0 1 0 0 0]\n",
            " [0 0 1 0 0]\n",
            " [0 0 0 1 0]\n",
            " [0 0 0 0 1]]\n"
          ],
          "name": "stdout"
        }
      ]
    },
    {
      "cell_type": "markdown",
      "metadata": {
        "id": "gcBZAZibAKcg",
        "colab_type": "text"
      },
      "source": [
        "Reshape $c$ into a $10 \\times 10$ matrix and name it $h$. Now flatten $h$, call it $c^\\prime$ and print **YES** when the shapes of $c$ and $c^\\prime$ are same. Otherwise print **NO**."
      ]
    },
    {
      "cell_type": "code",
      "metadata": {
        "id": "I71vtO9bA9Pi",
        "colab_type": "code",
        "outputId": "5aa60864-bd8a-438e-f993-83d15f277a9c",
        "colab": {
          "base_uri": "https://localhost:8080/",
          "height": 34
        }
      },
      "source": [
        "h = c.reshape(10,10)\n",
        "c1 = h.flatten()\n",
        "if c.shape == c1.shape :\n",
        "  print('YES')\n",
        "else:\n",
        "  print('NO') "
      ],
      "execution_count": 0,
      "outputs": [
        {
          "output_type": "stream",
          "text": [
            "YES\n"
          ],
          "name": "stdout"
        }
      ]
    },
    {
      "cell_type": "markdown",
      "metadata": {
        "id": "8FrecDPiA-Bv",
        "colab_type": "text"
      },
      "source": [
        "Let $A$ denote a randomly initialized three dimensional matrix of shape (2,10,5). Transpose $A$, call it $A^\\prime$, such that its shape is (5,2,10) and print it."
      ]
    },
    {
      "cell_type": "code",
      "metadata": {
        "id": "VbOKqSm6Bkaq",
        "colab_type": "code",
        "outputId": "ffaa3c35-9942-42e6-d07c-a6a826d0e808",
        "colab": {
          "base_uri": "https://localhost:8080/",
          "height": 799
        }
      },
      "source": [
        "A = np.random.rand(2,10,5)\n",
        "AT=A.T.reshape(5,2,10)\n",
        "print('A =',A)\n",
        "print('AT =  ',AT)\n"
      ],
      "execution_count": 0,
      "outputs": [
        {
          "output_type": "stream",
          "text": [
            "A = [[[0.5280052  0.67335964 0.74536585 0.72997374 0.4241159 ]\n",
            "  [0.45595233 0.8735071  0.36278792 0.73803283 0.99406723]\n",
            "  [0.92480838 0.54923687 0.30511139 0.62231264 0.68430167]\n",
            "  [0.52696225 0.34147663 0.45542657 0.08179074 0.2912822 ]\n",
            "  [0.14489675 0.66648073 0.95923414 0.15723468 0.02829407]\n",
            "  [0.74135717 0.35416449 0.50596628 0.06104808 0.17776495]\n",
            "  [0.69550629 0.60521062 0.85341122 0.96292321 0.3596151 ]\n",
            "  [0.62024851 0.44767741 0.50559696 0.39150176 0.97739423]\n",
            "  [0.62363782 0.14188543 0.69772844 0.96575626 0.89484939]\n",
            "  [0.55800408 0.01471478 0.80554633 0.93186134 0.73392898]]\n",
            "\n",
            " [[0.42895313 0.38084111 0.74460476 0.1078511  0.78469585]\n",
            "  [0.49880522 0.07011901 0.82304521 0.39170748 0.10676494]\n",
            "  [0.17379844 0.85943262 0.1727418  0.78425047 0.8041161 ]\n",
            "  [0.08651815 0.43538658 0.78715897 0.49006088 0.86601582]\n",
            "  [0.37972125 0.62831442 0.21352026 0.84225638 0.83935729]\n",
            "  [0.56583433 0.32308845 0.34756819 0.59468274 0.12840908]\n",
            "  [0.51047284 0.29542627 0.34157835 0.32183905 0.83453718]\n",
            "  [0.17550061 0.23644757 0.16447492 0.01510077 0.42560473]\n",
            "  [0.84394749 0.90274926 0.48736566 0.42137636 0.86816723]\n",
            "  [0.52849478 0.54866717 0.64931192 0.07961273 0.83850558]]]\n",
            "AT =   [[[0.5280052  0.42895313 0.45595233 0.49880522 0.92480838 0.17379844\n",
            "   0.52696225 0.08651815 0.14489675 0.37972125]\n",
            "  [0.74135717 0.56583433 0.69550629 0.51047284 0.62024851 0.17550061\n",
            "   0.62363782 0.84394749 0.55800408 0.52849478]]\n",
            "\n",
            " [[0.67335964 0.38084111 0.8735071  0.07011901 0.54923687 0.85943262\n",
            "   0.34147663 0.43538658 0.66648073 0.62831442]\n",
            "  [0.35416449 0.32308845 0.60521062 0.29542627 0.44767741 0.23644757\n",
            "   0.14188543 0.90274926 0.01471478 0.54866717]]\n",
            "\n",
            " [[0.74536585 0.74460476 0.36278792 0.82304521 0.30511139 0.1727418\n",
            "   0.45542657 0.78715897 0.95923414 0.21352026]\n",
            "  [0.50596628 0.34756819 0.85341122 0.34157835 0.50559696 0.16447492\n",
            "   0.69772844 0.48736566 0.80554633 0.64931192]]\n",
            "\n",
            " [[0.72997374 0.1078511  0.73803283 0.39170748 0.62231264 0.78425047\n",
            "   0.08179074 0.49006088 0.15723468 0.84225638]\n",
            "  [0.06104808 0.59468274 0.96292321 0.32183905 0.39150176 0.01510077\n",
            "   0.96575626 0.42137636 0.93186134 0.07961273]]\n",
            "\n",
            " [[0.4241159  0.78469585 0.99406723 0.10676494 0.68430167 0.8041161\n",
            "   0.2912822  0.86601582 0.02829407 0.83935729]\n",
            "  [0.17776495 0.12840908 0.3596151  0.83453718 0.97739423 0.42560473\n",
            "   0.89484939 0.86816723 0.73392898 0.83850558]]]\n"
          ],
          "name": "stdout"
        }
      ]
    },
    {
      "cell_type": "markdown",
      "metadata": {
        "id": "xR2zd-nkCani",
        "colab_type": "text"
      },
      "source": [
        "You have a matrix $X$ of size (10,5) filled with random values. Print the following :\n",
        "* Minimum value and index where it occured, for each column\n",
        "* Maximum value and the index where it occured, for each column\n",
        "* Minimum value and index where it occured, for each row\n",
        "* Maximum value and index where it occured, for each row\n",
        "* Minimum value and index where it occured, for the entire matrix\n",
        "* Maximum value and index where it occured, for the entire matrix"
      ]
    },
    {
      "cell_type": "code",
      "metadata": {
        "id": "FR2Wd4fWD_Og",
        "colab_type": "code",
        "outputId": "aa29f955-83f3-41aa-e7a7-cd8cdb15c421",
        "colab": {
          "base_uri": "https://localhost:8080/",
          "height": 312
        }
      },
      "source": [
        "np.random.seed(0)\n",
        "X = np.random.rand(10,5)\n",
        "\n",
        "\n",
        "print('\\n Column Minimum Values = ', X.min(axis=0))\n",
        "print('\\n Column Minimum Values Index = ',X.argmin(axis=0))\n",
        "print('\\n Row Minimum Values = ', X.min(axis=1))\n",
        "print('\\n Row Minimum Values Index = ',X.argmin(axis=1))\n",
        "print('\\n Minimum Values for entire Matrix = ', X.min())\n",
        "print('\\n Minimum Value Index for entire Matrix = ',X.argmin())\n",
        "print('\\n Maximum Values for entire Matrix = ', X.max())\n",
        "print('\\n Maximum Value Index for entire Matrix = ',X.argmax())\n",
        "\n",
        "\n"
      ],
      "execution_count": 0,
      "outputs": [
        {
          "output_type": "stream",
          "text": [
            "\n",
            " Column Minimum Values =  [0.0871293  0.0202184  0.1289263  0.06022547 0.0187898 ]\n",
            "\n",
            " Column Minimum Values Index =  [3 3 9 8 6]\n",
            "\n",
            " Row Minimum Values =  [0.4236548  0.38344152 0.07103606 0.0202184  0.11827443 0.14335329\n",
            " 0.0187898  0.61209572 0.06022547 0.1289263 ]\n",
            "\n",
            " Row Minimum Values Index =  [4 4 4 1 4 1 4 1 3 2]\n",
            "\n",
            " Minimum Values for entire Matrix =  0.018789800436355142\n",
            "\n",
            " Minimum Value Index for entire Matrix =  34\n",
            "\n",
            " Maximum Values for entire Matrix =  0.978618342232764\n",
            "\n",
            " Maximum Value Index for entire Matrix =  20\n"
          ],
          "name": "stdout"
        }
      ]
    },
    {
      "cell_type": "markdown",
      "metadata": {
        "id": "YpjW2ypkEGtS",
        "colab_type": "text"
      },
      "source": [
        "Find and print the following for the matrix X: \n",
        "* Mean of each row and column\n",
        "* Standard deviation of each row and column\n",
        "* Mean of the entire matrix\n",
        "* Standard deviation of entire matrix"
      ]
    },
    {
      "cell_type": "code",
      "metadata": {
        "id": "gMdm2pw0GWjf",
        "colab_type": "code",
        "outputId": "fd1fbc13-d080-4801-e9a5-7a89d6b0dfea",
        "colab": {
          "base_uri": "https://localhost:8080/",
          "height": 260
        }
      },
      "source": [
        "print('\\n Mean of Each Row = ', X.mean(axis=1))\n",
        "print('\\n Mean of Each Column = ', X.mean(axis=0))\n",
        "print('\\n Standard deviation of Each Row = ', X.std(axis=1))\n",
        "print('\\n Standard deviationan of Each Column = ', X.std(axis=0))\n",
        "print('\\n Mean of Entire Matrix = ', X.mean())\n",
        "print('\\n Mean of Entire Matrix = ', X.std())"
      ],
      "execution_count": 0,
      "outputs": [
        {
          "output_type": "stream",
          "text": [
            "\n",
            " Mean of Each Row =  [0.56706085 0.66447172 0.57705944 0.51762729 0.62761197 0.5328907\n",
            " 0.41643268 0.69444672 0.44423265 0.33781717]\n",
            "\n",
            " Mean of Each Column =  [0.56044382 0.46781457 0.62009909 0.64025127 0.40121685]\n",
            "\n",
            " Standard deviation of Each Row =  [0.09445299 0.23322986 0.29189733 0.38052993 0.30431633 0.26338419\n",
            " 0.25841437 0.12727959 0.23169975 0.18537332]\n",
            "\n",
            " Standard deviationan of Each Column =  [0.24687647 0.25752158 0.22948615 0.28054144 0.26584905]\n",
            "\n",
            " Mean of Entire Matrix =  0.5379651182755409\n",
            "\n",
            " Mean of Entire Matrix =  0.27226582292177587\n"
          ],
          "name": "stdout"
        }
      ]
    },
    {
      "cell_type": "markdown",
      "metadata": {
        "id": "7dw7W8HOGXKA",
        "colab_type": "text"
      },
      "source": [
        "Let $Y$ denote a square matrix of size 10 with random values. Print the following:\n",
        "* Determinant\n",
        "* Rank of the matrix\n",
        "* Diagonal Elements\n",
        "* Trace\n",
        "* Eigen values\n",
        "* Matrices obtained after Singular Value Decomposition\n",
        "* Inverse if exists, otherwise Pseudo-Inverse\n",
        "* Multiplication $Y$ with $X$\n",
        "* Element-wise multiplication of $Y$ and its inverse(or pseudo-inverse)"
      ]
    },
    {
      "cell_type": "code",
      "metadata": {
        "id": "Tswbn9hgL7yi",
        "colab_type": "code",
        "outputId": "7397c61c-b9ab-4bf0-dde0-9fb85475daa9",
        "colab": {
          "base_uri": "https://localhost:8080/",
          "height": 1000
        }
      },
      "source": [
        "np.random.seed(3)\n",
        "Y = np.random.rand(10,10)\n",
        "print(Y)\n",
        "print('Determinant = ',np.linalg.det(Y))\n",
        "print('Rank = ',np.linalg.matrix_rank(Y))\n",
        "print('Trace = ',Y.trace())\n",
        "print('Eigen Values = ',np.linalg.eigvals(Y))\n",
        "print('Matrices obtained after Singular Value Decomposition = ', np.linalg.svd(Y))\n",
        "Y1=np.linalg.inv(Y)\n",
        "print('Inverse = ',Y1)\n",
        "print('Multiplication Y.X = ',np.linalg.multi_dot([Y,X]))\n",
        "print('Multiplication Y and Y1 = ', Y.dot(Y1))"
      ],
      "execution_count": 0,
      "outputs": [
        {
          "output_type": "stream",
          "text": [
            "[[0.5507979  0.70814782 0.29090474 0.51082761 0.89294695 0.89629309\n",
            "  0.12558531 0.20724288 0.0514672  0.44080984]\n",
            " [0.02987621 0.45683322 0.64914405 0.27848728 0.6762549  0.59086282\n",
            "  0.02398188 0.55885409 0.25925245 0.4151012 ]\n",
            " [0.28352508 0.69313792 0.44045372 0.15686774 0.54464902 0.78031476\n",
            "  0.30636353 0.22195788 0.38797126 0.93638365]\n",
            " [0.97599542 0.67238368 0.90283411 0.84575087 0.37799404 0.09221701\n",
            "  0.6534109  0.55784076 0.36156476 0.2250545 ]\n",
            " [0.40651992 0.46894025 0.26923558 0.29179277 0.4576864  0.86053391\n",
            "  0.5862529  0.28348786 0.27797751 0.45462208]\n",
            " [0.20541034 0.20137871 0.51403506 0.08722937 0.48358553 0.36217621\n",
            "  0.70768662 0.74674622 0.69109292 0.68918041]\n",
            " [0.37360012 0.6681348  0.33984866 0.57279387 0.32580716 0.44514505\n",
            "  0.06152893 0.24267542 0.97160261 0.2305842 ]\n",
            " [0.69147751 0.65047686 0.72393914 0.47508861 0.59666377 0.06696942\n",
            "  0.07256214 0.19897603 0.151861   0.10010434]\n",
            " [0.12929386 0.55327773 0.18781482 0.95210124 0.68161178 0.54101967\n",
            "  0.7071806  0.26388667 0.92672568 0.83919306]\n",
            " [0.7263195  0.48023996 0.84210319 0.74475232 0.66032591 0.91397527\n",
            "  0.63366556 0.36594058 0.55284457 0.19638058]]\n",
            "Determinant =  -0.012807808169095483\n",
            "Rank =  10\n",
            "Trace =  4.497309545724899\n",
            "Eigen Values =  [ 4.797525  +0.j          0.72411408+0.52238181j  0.72411408-0.52238181j\n",
            " -0.48250062+0.55413671j -0.48250062-0.55413671j -0.6909002 +0.j\n",
            " -0.25905659+0.32357377j -0.25905659-0.32357377j  0.2127855 +0.08352477j\n",
            "  0.2127855 -0.08352477j]\n",
            "Matrices obtained after Singular Value Decomposition =  (array([[-0.31776408, -0.02455508, -0.60644878, -0.17883359, -0.12672161,\n",
            "         0.14873878, -0.17823942, -0.52859453, -0.02295855, -0.38570883],\n",
            "       [-0.26118514, -0.10864541, -0.24911354,  0.26547359,  0.52168399,\n",
            "        -0.25773901, -0.46995326,  0.21752636, -0.39285046,  0.16234491],\n",
            "       [-0.31347907, -0.34483471, -0.25292297,  0.1214296 ,  0.1486964 ,\n",
            "         0.33436315,  0.54080229,  0.48017168,  0.05660692, -0.20966421],\n",
            "       [-0.35815379,  0.59490017,  0.30255161,  0.15850614, -0.11046295,\n",
            "         0.3051409 ,  0.07395537,  0.03044889, -0.50561658, -0.18384856],\n",
            "       [-0.28385845, -0.18085696, -0.1583078 ,  0.10535533, -0.46807835,\n",
            "        -0.08377643,  0.24075452, -0.16170764, -0.24786952,  0.69201648],\n",
            "       [-0.28871348, -0.27577124,  0.40271105,  0.60433658,  0.11931679,\n",
            "        -0.04899205,  0.02593316, -0.44875145,  0.27874747, -0.12964796],\n",
            "       [-0.27897316,  0.00398904,  0.20819753, -0.52536617,  0.41116881,\n",
            "        -0.41991923,  0.42687225, -0.24145621, -0.12958507, -0.00984813],\n",
            "       [-0.24788529,  0.48136836, -0.15792433, -0.02303902,  0.3246308 ,\n",
            "         0.25755952, -0.01429533, -0.03088365,  0.56052488,  0.44079262],\n",
            "       [-0.37505167, -0.36728578,  0.39799373, -0.45186801, -0.10830044,\n",
            "         0.34456765, -0.4447402 ,  0.14147957,  0.0716725 ,  0.09192695],\n",
            "       [-0.40049601,  0.19846099, -0.02705464,  0.02500837, -0.39745062,\n",
            "        -0.57941613, -0.10288216,  0.3673956 ,  0.33321483, -0.22039139]]), array([4.89636645, 1.42832104, 1.17173389, 0.94068764, 0.76892251,\n",
            "       0.62457278, 0.52105948, 0.28969576, 0.24512275, 0.09350223]), array([[-0.28816735, -0.35560525, -0.33294235, -0.33250662, -0.36658188,\n",
            "        -0.3625847 , -0.26573249, -0.23278667, -0.30457183, -0.29270444],\n",
            "       [ 0.53693497,  0.11306854,  0.39562078,  0.25099719, -0.07369559,\n",
            "        -0.37753546, -0.08584363,  0.00333609, -0.2399022 , -0.51623983],\n",
            "       [-0.084609  , -0.22589744, -0.00306935,  0.1954239 , -0.327784  ,\n",
            "        -0.49318928,  0.42323124,  0.18588504,  0.58200169,  0.02301787],\n",
            "       [ 0.01388163, -0.2631197 ,  0.42190391, -0.53612946,  0.01058633,\n",
            "        -0.04415909,  0.29385139,  0.49501812, -0.32731018,  0.15669071],\n",
            "       [-0.27340804,  0.28220631,  0.28945859, -0.1626885 ,  0.14790418,\n",
            "        -0.35915036, -0.64971879,  0.23854611,  0.29589227,  0.1337842 ],\n",
            "       [ 0.10830593,  0.27974551, -0.20571161,  0.10308827,  0.10096026,\n",
            "        -0.5325142 ,  0.15994871, -0.16150892, -0.3941055 ,  0.59692177],\n",
            "       [ 0.44882085,  0.34972045, -0.01773924, -0.50737391, -0.52251393,\n",
            "         0.11970007, -0.02807841, -0.20137782,  0.25705553,  0.15409283],\n",
            "       [-0.35599817, -0.05022624,  0.63427946,  0.20935183, -0.34847081,\n",
            "         0.11510691,  0.03182222, -0.47748403, -0.1161671 ,  0.21777064],\n",
            "       [ 0.18417681, -0.32168889,  0.15954963, -0.32397524,  0.5548368 ,\n",
            "        -0.1807982 ,  0.08626619, -0.55063636,  0.28439362, -0.01119242],\n",
            "       [-0.41560913,  0.59522266,  0.02089304, -0.23979844,  0.13515565,\n",
            "        -0.0893732 ,  0.44674689, -0.10709455, -0.02239562, -0.42098815]]))\n",
            "Inverse =  [[ 2.31470983 -1.92264991  0.7642126   0.78096977 -2.74248585  1.20175092\n",
            "   0.38693174 -1.37664514 -0.96484143  0.83123246]\n",
            " [-2.24504111  1.25605742 -0.91466223 -0.39587642  4.71823627 -1.32162185\n",
            "   0.52594984  2.39368168  0.33051878 -2.33540101]\n",
            " [-1.41290916  0.66149939  0.94968095 -0.18869248 -0.50069581 -0.55664939\n",
            "  -0.55275157  0.57384943 -0.04209635  1.11025544]\n",
            " [ 0.88051129  0.37055438  0.15632501  1.25248223 -1.81219563 -0.7249179\n",
            "  -0.19613524 -1.81766381  0.56943994  0.52226388]\n",
            " [ 0.39743656 -0.28842728 -1.09880632 -1.57965965  0.36480771  0.90235521\n",
            "  -0.47743451  2.09911148  0.53638288 -0.04562024]\n",
            " [ 0.36068175  0.22958502  0.33426258  0.10367281 -0.06700744 -0.37158555\n",
            "   0.22972702 -1.26286862 -0.45133033  0.75430018]\n",
            " [-2.01045364  0.19347423 -1.01393804 -0.74303568  3.56449935 -0.31892146\n",
            "  -0.67116163  2.01265699  0.72873355 -0.69454601]\n",
            " [ 1.18043988  0.86047396 -0.88991494  1.30425635 -0.14247318  0.69661973\n",
            "   0.5413572  -1.69774697 -0.60797727 -1.00698216]\n",
            " [-0.1679456  -0.63197036 -0.0540802  -0.73587818 -0.46423184  0.67805628\n",
            "   0.88551393  0.37662528 -0.03416891  0.42341327]\n",
            " [ 1.3938872  -0.74982353  1.96636643  1.00676681 -3.21953806  0.44078124\n",
            "  -0.40298654 -1.90114336 -0.04414834  0.55576763]]\n",
            "Multiplication Y.X =  [[2.95726101 2.04939653 3.09073485 3.22311637 1.78554985]\n",
            " [2.61266989 1.75663954 2.48635951 2.79783984 1.50654432]\n",
            " [2.98361778 2.02894044 2.82637865 2.88685728 1.69799548]\n",
            " [2.98565892 2.85485651 3.58995669 4.0073463  2.2697569 ]\n",
            " [2.49815821 1.97791033 2.77809758 2.71690515 1.59098767]\n",
            " [2.72146909 2.39905911 2.58780909 2.78212857 1.71792628]\n",
            " [2.22935358 1.74438251 2.94718357 2.48955906 2.05838199]\n",
            " [2.30476788 1.92350098 2.41698824 2.81379687 1.38016019]\n",
            " [2.91925254 2.36604123 3.53647969 3.30424184 2.52990887]\n",
            " [3.39559098 2.84629279 4.05845051 4.01068273 2.35816262]]\n",
            "Multiplication Y and Y1 =  [[ 1.00000000e+00 -3.90793144e-17  3.65935406e-16  3.11342944e-16\n",
            "  -8.91983549e-16 -4.81506510e-17 -1.42655871e-16 -6.91246638e-16\n",
            "  -6.67910040e-17  1.33795870e-16]\n",
            " [ 1.42780307e-17  1.00000000e+00 -6.98095657e-17 -1.52151045e-16\n",
            "  -4.63427918e-16 -1.05178821e-16  4.44443766e-17 -9.87040861e-17\n",
            "   1.06466168e-16 -1.58597206e-16]\n",
            " [-1.44191947e-17 -4.68953161e-17  1.00000000e+00  4.77076242e-17\n",
            "  -6.49165003e-16 -6.78141792e-17 -9.36855690e-18 -9.73600834e-16\n",
            "  -3.16087494e-17 -1.18238356e-16]\n",
            " [-1.41735142e-16  2.10254036e-16  1.43559668e-17  1.00000000e+00\n",
            "   5.52648957e-17 -8.23073740e-18 -1.72594927e-18  7.33409702e-17\n",
            "   4.69571374e-17 -2.73245897e-16]\n",
            " [-1.71385362e-17 -3.79289464e-18 -2.27088068e-16  1.03307474e-16\n",
            "   1.00000000e+00 -2.64623779e-17  1.14447652e-16  2.15787383e-17\n",
            "  -1.42660749e-17 -2.17474454e-16]\n",
            " [-8.26384805e-17  1.20440776e-16 -4.69445243e-17 -3.74729367e-17\n",
            "   9.72134814e-16  1.00000000e+00  1.81161593e-17  2.13127233e-16\n",
            "  -7.72471485e-17 -1.30656837e-16]\n",
            " [ 3.53786975e-16  2.66066463e-18 -6.15228131e-17  1.38960755e-16\n",
            "  -1.33510130e-15  2.62173396e-17  1.00000000e+00 -3.76182195e-16\n",
            "  -7.02445804e-17  2.06159764e-16]\n",
            " [-2.75842016e-16 -7.28598118e-17 -2.34103860e-16  2.80898127e-17\n",
            "  -1.39319386e-16  1.41600267e-16 -4.52961673e-17  1.00000000e+00\n",
            "  -2.64462855e-17 -7.90426564e-17]\n",
            " [-6.53027597e-17  1.25653075e-16  5.18133677e-17  1.96668895e-17\n",
            "  -3.92404830e-16 -2.59855724e-17  2.19914269e-18  2.18871633e-17\n",
            "   1.00000000e+00 -5.87793126e-18]\n",
            " [-1.92650595e-16  2.94720021e-16  1.10584317e-16  1.69940671e-16\n",
            "   3.19180173e-16 -1.66979037e-17 -4.43339340e-17  3.56743742e-17\n",
            "  -9.06248767e-18  1.00000000e+00]]\n"
          ],
          "name": "stdout"
        }
      ]
    },
    {
      "cell_type": "markdown",
      "metadata": {
        "id": "Qne3RnfOL6-4",
        "colab_type": "text"
      },
      "source": [
        "## End of Part - 1\n",
        " --- --- ---"
      ]
    },
    {
      "cell_type": "markdown",
      "metadata": {
        "id": "LA-m4UYkMPTe",
        "colab_type": "text"
      },
      "source": [
        "## Part - 2\n",
        "---\n",
        "In this part, you will be working with the library ```pandas```. Import this library with an alias name ```pd```."
      ]
    },
    {
      "cell_type": "code",
      "metadata": {
        "id": "i8z7TpnZSIms",
        "colab_type": "code",
        "colab": {}
      },
      "source": [
        "# Initial imports\n",
        "import numpy as np\n",
        "import matplotlib.pyplot as plt\n",
        "import pandas as pd"
      ],
      "execution_count": 0,
      "outputs": []
    },
    {
      "cell_type": "markdown",
      "metadata": {
        "id": "2v-HkHnyuQ3X",
        "colab_type": "text"
      },
      "source": [
        "Download dataset from: http://biostat.mc.vanderbilt.edu/wiki/pub/Main/DataSets/titanic3.csv\n",
        "Read the data and display the first 5 rows"
      ]
    },
    {
      "cell_type": "code",
      "metadata": {
        "id": "LinX5ywNTUIm",
        "colab_type": "code",
        "outputId": "7bdb5368-2d30-407c-d90d-1363b53a7e91",
        "colab": {
          "base_uri": "https://localhost:8080/",
          "height": 206
        }
      },
      "source": [
        "#Download dataset from: http://biostat.mc.vanderbilt.edu/wiki/pub/Main/DataSets/titanic3.csv\n",
        "pd.set_option('display.max_columns', 20)\n",
        "file_url = \"http://biostat.mc.vanderbilt.edu/wiki/pub/Main/DataSets/titanic3.csv\"\n",
        "data=pd.read_csv(file_url)\n",
        "data.head()\n",
        "\n"
      ],
      "execution_count": 109,
      "outputs": [
        {
          "output_type": "execute_result",
          "data": {
            "text/html": [
              "<div>\n",
              "<style scoped>\n",
              "    .dataframe tbody tr th:only-of-type {\n",
              "        vertical-align: middle;\n",
              "    }\n",
              "\n",
              "    .dataframe tbody tr th {\n",
              "        vertical-align: top;\n",
              "    }\n",
              "\n",
              "    .dataframe thead th {\n",
              "        text-align: right;\n",
              "    }\n",
              "</style>\n",
              "<table border=\"1\" class=\"dataframe\">\n",
              "  <thead>\n",
              "    <tr style=\"text-align: right;\">\n",
              "      <th></th>\n",
              "      <th>pclass</th>\n",
              "      <th>survived</th>\n",
              "      <th>name</th>\n",
              "      <th>sex</th>\n",
              "      <th>age</th>\n",
              "      <th>sibsp</th>\n",
              "      <th>parch</th>\n",
              "      <th>ticket</th>\n",
              "      <th>fare</th>\n",
              "      <th>cabin</th>\n",
              "      <th>embarked</th>\n",
              "      <th>boat</th>\n",
              "      <th>body</th>\n",
              "      <th>home.dest</th>\n",
              "    </tr>\n",
              "  </thead>\n",
              "  <tbody>\n",
              "    <tr>\n",
              "      <th>0</th>\n",
              "      <td>1</td>\n",
              "      <td>1</td>\n",
              "      <td>Allen, Miss. Elisabeth Walton</td>\n",
              "      <td>female</td>\n",
              "      <td>29.00</td>\n",
              "      <td>0</td>\n",
              "      <td>0</td>\n",
              "      <td>24160</td>\n",
              "      <td>211.3375</td>\n",
              "      <td>B5</td>\n",
              "      <td>S</td>\n",
              "      <td>2</td>\n",
              "      <td>NaN</td>\n",
              "      <td>St Louis, MO</td>\n",
              "    </tr>\n",
              "    <tr>\n",
              "      <th>1</th>\n",
              "      <td>1</td>\n",
              "      <td>1</td>\n",
              "      <td>Allison, Master. Hudson Trevor</td>\n",
              "      <td>male</td>\n",
              "      <td>0.92</td>\n",
              "      <td>1</td>\n",
              "      <td>2</td>\n",
              "      <td>113781</td>\n",
              "      <td>151.5500</td>\n",
              "      <td>C22 C26</td>\n",
              "      <td>S</td>\n",
              "      <td>11</td>\n",
              "      <td>NaN</td>\n",
              "      <td>Montreal, PQ / Chesterville, ON</td>\n",
              "    </tr>\n",
              "    <tr>\n",
              "      <th>2</th>\n",
              "      <td>1</td>\n",
              "      <td>0</td>\n",
              "      <td>Allison, Miss. Helen Loraine</td>\n",
              "      <td>female</td>\n",
              "      <td>2.00</td>\n",
              "      <td>1</td>\n",
              "      <td>2</td>\n",
              "      <td>113781</td>\n",
              "      <td>151.5500</td>\n",
              "      <td>C22 C26</td>\n",
              "      <td>S</td>\n",
              "      <td>NaN</td>\n",
              "      <td>NaN</td>\n",
              "      <td>Montreal, PQ / Chesterville, ON</td>\n",
              "    </tr>\n",
              "    <tr>\n",
              "      <th>3</th>\n",
              "      <td>1</td>\n",
              "      <td>0</td>\n",
              "      <td>Allison, Mr. Hudson Joshua Creighton</td>\n",
              "      <td>male</td>\n",
              "      <td>30.00</td>\n",
              "      <td>1</td>\n",
              "      <td>2</td>\n",
              "      <td>113781</td>\n",
              "      <td>151.5500</td>\n",
              "      <td>C22 C26</td>\n",
              "      <td>S</td>\n",
              "      <td>NaN</td>\n",
              "      <td>135.0</td>\n",
              "      <td>Montreal, PQ / Chesterville, ON</td>\n",
              "    </tr>\n",
              "    <tr>\n",
              "      <th>4</th>\n",
              "      <td>1</td>\n",
              "      <td>0</td>\n",
              "      <td>Allison, Mrs. Hudson J C (Bessie Waldo Daniels)</td>\n",
              "      <td>female</td>\n",
              "      <td>25.00</td>\n",
              "      <td>1</td>\n",
              "      <td>2</td>\n",
              "      <td>113781</td>\n",
              "      <td>151.5500</td>\n",
              "      <td>C22 C26</td>\n",
              "      <td>S</td>\n",
              "      <td>NaN</td>\n",
              "      <td>NaN</td>\n",
              "      <td>Montreal, PQ / Chesterville, ON</td>\n",
              "    </tr>\n",
              "  </tbody>\n",
              "</table>\n",
              "</div>"
            ],
            "text/plain": [
              "   pclass  survived                                             name     sex  \\\n",
              "0       1         1                    Allen, Miss. Elisabeth Walton  female   \n",
              "1       1         1                   Allison, Master. Hudson Trevor    male   \n",
              "2       1         0                     Allison, Miss. Helen Loraine  female   \n",
              "3       1         0             Allison, Mr. Hudson Joshua Creighton    male   \n",
              "4       1         0  Allison, Mrs. Hudson J C (Bessie Waldo Daniels)  female   \n",
              "\n",
              "     age  sibsp  parch  ticket      fare    cabin embarked boat   body  \\\n",
              "0  29.00      0      0   24160  211.3375       B5        S    2    NaN   \n",
              "1   0.92      1      2  113781  151.5500  C22 C26        S   11    NaN   \n",
              "2   2.00      1      2  113781  151.5500  C22 C26        S  NaN    NaN   \n",
              "3  30.00      1      2  113781  151.5500  C22 C26        S  NaN  135.0   \n",
              "4  25.00      1      2  113781  151.5500  C22 C26        S  NaN    NaN   \n",
              "\n",
              "                         home.dest  \n",
              "0                     St Louis, MO  \n",
              "1  Montreal, PQ / Chesterville, ON  \n",
              "2  Montreal, PQ / Chesterville, ON  \n",
              "3  Montreal, PQ / Chesterville, ON  \n",
              "4  Montreal, PQ / Chesterville, ON  "
            ]
          },
          "metadata": {
            "tags": []
          },
          "execution_count": 109
        }
      ]
    },
    {
      "cell_type": "markdown",
      "metadata": {
        "id": "vTk1-mF5WYFN",
        "colab_type": "text"
      },
      "source": [
        "### Preprocessing of the Dataset"
      ]
    },
    {
      "cell_type": "markdown",
      "metadata": {
        "id": "kx9UrI9WWt17",
        "colab_type": "text"
      },
      "source": [
        "\n",
        "\n",
        "---\n",
        "\n",
        "\n",
        "**1. Convert the categorical values of columns 'sex', 'embarked', 'pclass' into dummy values and add them into titanic_data_new DataFrame**\n",
        "\n",
        "\n",
        "\n",
        "\n",
        "---\n",
        "\n"
      ]
    },
    {
      "cell_type": "code",
      "metadata": {
        "id": "AwDh9njbZ0QU",
        "colab_type": "code",
        "outputId": "ac9b868e-2fa0-463a-d39e-8f19eeaf235e",
        "colab": {
          "base_uri": "https://localhost:8080/",
          "height": 493
        }
      },
      "source": [
        "dmSex = pd.get_dummies(data.sex)\n",
        "dmEmbarked=pd.get_dummies(data.embarked)\n",
        "dmPclass= pd.get_dummies(data.pclass)\n",
        "titanic_data_new= data.join((dmSex,dmEmbarked,dmPclass))\n",
        "titanic_data_new\n"
      ],
      "execution_count": 110,
      "outputs": [
        {
          "output_type": "execute_result",
          "data": {
            "text/html": [
              "<div>\n",
              "<style scoped>\n",
              "    .dataframe tbody tr th:only-of-type {\n",
              "        vertical-align: middle;\n",
              "    }\n",
              "\n",
              "    .dataframe tbody tr th {\n",
              "        vertical-align: top;\n",
              "    }\n",
              "\n",
              "    .dataframe thead th {\n",
              "        text-align: right;\n",
              "    }\n",
              "</style>\n",
              "<table border=\"1\" class=\"dataframe\">\n",
